t = [2000;5000;10000;20000;30000;50000];
d = [0.9427;0.8616;0.7384;0.5362;0.3739;0.3096];
x = -1;
y = -1;